0.16
0.92
0.8
0.6462
0.8
0.84
0.56
0.76
0.28
0.6
0.7
0.65
0.8
0.36
0.52
0.52
1.0
0.28
0.2
0.44
0.72
0.6
0.24
0.56
0.44
0.2
0.32
0.16
0.44
0.56
0.88
0.76
0.0
0.28
0.6
0.75
0.76
0.6
0.08
0.6
0.15
0.6
0.8
0.6
0.8
0.16
0.92
0.36
0.48
0.92
0.72
0.48
0.0
0.76
0.12
0.8
0.44
0.48
0.12
0.28
0.6
0.84
1.0
0.6
0.08
0.7
0.08
0.9
0.28
0.24
0.52
1.0
0.0
0.08
0.8
0.72
0.75
0.44
0.4
0.64
0.52
0.44
1.0
0.9
0.8
0.65
0.0
0.8
0.8
0.16
0.64
0.6
0.24
0.55
1.0
0.4
0.8
0.56
0.18
0.44
1.0
1.0
0.6
0.76
0.76
0.7666
0.92
0.9
1.0
0.8
0.24
0.88
0.48
0.48
0.68
0.7556
0.8
0.28
0.6
0.2
0.44
0.04
1.0
0.68
0.84
0.56
0.04
0.52
0.96
0.8
0.36
0.36
0.5
0.6
0.6
0.2
0.08
1.0
0.92
0.12
0.96
0.68
0.44
0.0
0.08
0.88
0.28
0.48
0.48
0.48
0.8
0.96
0.0
0.8
0.52
0.16
0.8
0.24
0.44
0.65
0.25
0.5
0.76
0.92
0.5
0.76
0.52
0.8
0.64
0.48
0.48
0.4
0.72
0.84
0.84
0.56
0.52
0.96
0.68
0.36
0.6
0.76
0.8
0.68
0.08
0.64
0.72
0.6
0.36
0.4
0.6
0.7
0.0
0.2666
0.8
0.84
0.84
1.0
0.16
0.15
0.28
0.12
0.52
0.5
0.48
1.0
0.68
0.36
0.32
1.0
0.68
0.2
0.16
0.56
0.8
0.52
0.6
0.8
0.65
0.6
0.2
0.2
0.2
0.8
0.75
0.7714
0.45
0.36
0.24
0.44
0.64
0.08
0.72
0.12
0.85
0.56
0.0
0.88
0.68
0.36
0.25
1.0
0.36
0.32
0.84
0.72
1.0
0.72
0.72
0.48
0.64
1.0
0.88
0.08
0.2
0.96
0.6
0.84
0.68
0.0
0.52
0.68
0.04
0.72
0.96
0.44
0.28
0.56
0.76
0.0
0.8
0.15
0.92
0.0
0.32
1.0
0.36
0.1
0.64
0.36
0.35
0.4
1.0
0.4
0.24
0.6
0.1778
0.24
0.4
0.96
0.36
0.88
0.6
0.8
0.64
0.8
0.92
0.6
1.0
0.24
0.64
0.9
0.12
0.28
0.92
0.75
0.6
0.0
0.4
0.75
0.8
0.72
0.52
0.8
0.48
1.0
0.6
0.72
0.84
0.08
0.72
0.44
0.6666
0.5
0.32
0.36
0.12
0.36
0.68
0.6
0.0
0.24
0.08
0.92
0.36
0.28
0.22
0.68
0.35
0.8
0.0
0.56
0.16
0.2
1.0
0.44
0.92
0.55
0.52
0.36
0.96
1.0
0.76
0.8
0.2666
0.4
0.72
0.52
0.16
0.84
0.36
0.64
0.6
0.68
0.64
0.44
0.68
0.04
0.88
0.8
0.0
0.2
0.68
0.0
0.72
0.7
0.8
0.16
0.88
0.72
0.3334
0.3
0.9
0.52
0.64
0.96
0.6
0.5
0.0
0.0
1.0
0.8
0.76
0.44
0.8
0.8
0.45
0.0
0.72
0.64
0.96
0.36
0.24
0.76
0.2
0.68
0.64
0.8
0.96
0.0
0.72
0.68
1.0
1.0
0.6
0.8
0.72
0.0
0.6
0.12
0.48
0.6
0.6
0.0
0.64
1.0
0.12
0.0
0.44
0.48
0.55
0.96
0.64
0.56
0.76
0.0
0.68
0.24
0.85
0.92
0.56
0.0
0.12
0.24
0.08
0.5334
0.08
0.56
0.65
0.52
0.8
0.44
0.6
0.36
0.68
0.36
1.0
0.72
0.76
0.24
0.96
0.96
0.9
0.6
0.72
0.24
0.32
0.2
0.4
1.0
1.0
0.6
0.6
0.55
0.2
1.0
0.0
0.8
0.8
0.4
0.72
0.72
0.68
0.44
0.56
0.775
0.36
0.0
0.84
0.52
0.08
0.6
0.4
0.8
0.84
0.96
0.56
0.12
0.76
0.0286
0.8
0.2
0.32
0.52
0.0
0.4
0.4
0.08
0.36
0.0
0.2666
0.2
0.2
0.52
0.4
0.48
0.92
0.0
0.76
0.56
0.7
0.92
0.6
0.16
0.56
0.0
0.96
0.32
0.8
0.02
0.08
0.8
0.64
0.6
0.68
0.0
0.48
0.48
0.36
0.08
0.24
0.6
0.76
0.64
0.84
0.08
1.0
0.08
0.88
0.76
0.56
0.08
1.0
0.04
0.75
0.6
0.72
0.8
0.16
0.8
0.48
0.08
1.0
0.0
1.0
0.8
0.0
0.76
0.52
0.68
0.48
0.64
0.65
0.36
0.6334
0.0
0.68
0.44
0.92
0.56
0.6
0.4
1.0
0.65
0.96
0.12
0.56
0.52
0.6
0.88
0.7
0.0
0.72
0.72
0.0
0.7846
0.7858
0.65
0.96
0.12
0.12
0.76
0.6
0.0
1.0
0.32
0.12
0.72
0.92
0.8
0.2
0.88
0.84
0.6
0.72
0.56
0.76
0.4
0.8
0.05
0.24
0.24
0.92
0.68
0.76
0.84
0.36
0.24
0.68
0.4
0.3334
0.75
0.45
0.08
0.8
0.4
0.76
1.0
0.68
0.64
0.52
0.84
0.72
0.28
0.76
0.4
0.8
0.6
0.76
0.0
0.0
0.12
0.2
0.0
0.6
0.24
0.64
1.0
0.64
0.04
0.68
0.65
0.04
0.72
0.64
0.8
0.75
0.28
0.8
0.6
0.04
1.0
0.8
0.44
0.0236
1.0
0.6888
0.0
0.92
0.96
0.72
0.4
0.75
0.8
0.28
0.92
0.3556
0.2666
0.72
0.76
0.64
0.68
0.08
0.56
0.28
0.84
0.0
0.8728
0.2
0.68
0.08
0.44
0.2
0.64
0.48
0.32
0.76
0.92
0.6
0.84
0.7
0.56
0.04
0.88
0.68
0.64
0.44
0.6
0.72
1.0
0.7
1.0
0.8
0.72
0.0
0.8
0.56
0.85
0.44
0.32
0.84
0.96
0.96
0.28
0.6352
0.24
0.68
0.65
0.0
0.12
0.0
0.48
0.2
0.0
0.8
0.44
0.2
0.96
0.2
0.6666
0.3428
0.0
0.56
0.32
0.56
0.68
0.6
0.56
0.24
0.16
0.52
0.48
0.2
0.24
0.95
0.68
0.16
0.0
0.44
0.88
0.44
0.52
1.0
0.76
0.64
0.75
0.2
0.28
1.0
0.523
0.28
0.04
0.6
0.96
0.68
0.28
0.0
0.16
0.68
0.4
0.7
0.32
0.44
0.5
0.48
0.68
0.04
0.64
0.44
0.48
0.68
1.0
0.36
0.56
0.68
0.55
0.04
0.08
0.0
0.64
0.6
0.0
1.0
0.56
0.4
0.6
0.0
0.8666
0.68
0.12
0.16
0.76
0.0
0.52
0.92
0.65
1.0
0.6
0.68
0.48
0.24
0.48
0.44
0.88
0.48
0.76
0.2
0.4
0.24
0.55
0.12
0.44
0.56
0.2
0.75
0.6
0.56
0.2
0.35
0.8
0.68
0.6
0.6
0.76
0.0
0.68
0.84
0.68
0.28
1.0
0.1
0.2
0.3166
0.2
0.96
0.16
0.75
0.68
0.4
0.28
0.6
0.92
0.2
0.0
0.44
0.55
0.72
0.28
0.64
0.0
0.28
0.4
0.24
0.6
0.72
0.0
0.76
0.96
0.32
0.0
0.28
0.4222
0.04
0.68
0.72
0.55
0.68
0.52
0.72
0.1286
0.2
0.24
0.12
0.76
0.2
0.08
0.28
0.4
0.76
0.36
0.4
0.36
0.28
0.2
0.72
0.24
0.88
0.95
0.6
0.68
0.36
0.4
0.2
0.68
0.76
0.16
0.4
0.92
0.2
0.88
0.92
0.2
0.2
0.55
0.72
0.36
0.75
0.7556
0.0
0.96
0.16
0.56
0.8
0.0
0.68
0.5
0.0
0.84
0.68
0.32
0.24
0.08
0.16
0.08
0.24
0.65
0.8
1.0
0.16
0.76
1.0
0.85
0.25
0.68
0.72
0.24
0.8
0.84
0.44
0.56
0.1
0.84
0.12
0.6
0.96
0.4
0.2
0.12
0.65
0.92
0.9
0.56
0.8
0.68
0.52
0.88
0.84
0.48
0.16
0.72
0.52
0.76
0.76
0.2
0.6
0.72
0.48
0.0
0.4
2.8
